1111111111. 621

1111111, hod) ιιι im 11111111111111 11111111 11111111 [1111111111 111 11111111,
111 balb [111111 1111111 11111111, [1111 11111 1111 mem (1111) 111 11111 [111111 11111.
latet anguis 1111111111) monim, 1111111111 1111 111111 1111111[11’1111111111111111
nu im 1111111111111 11111111 in, 11111111 §adjutivum 1111111111 ε1111111111
agathen, 111 1111 11[11 mitid) 11111 mit 1111111 [1111) ([11111 ninid) [1111111
111[1 11111111 11111 un fltsdjnlltn [1111) [1111111111 1111111111111111111 111
[1111111111 111111[[11111ἰ1 3¹⁰¹ 111111[11 1111, 1111 111111 11111 11111 [1111111111.
r [11111 1111 1111 1111111111 1111111 1111) 11 111 1111111111 111111 111 111111)
. 11111111, 1111 111 uad) 1111111111 31⁰1 [1111111111.

111 (Μ [1111 bit fiinjf, [1 11111 jum [11111111111111 111111 1111111.
ζ51111111, 8111111118111111, gnum, ζ1111111111.

41111111. 3111111111,111111111,1111111, 11111111. ⁴

31111111. ξ1[11,11[111

8111111.. Ὁ11111,11111[11ἓ .

5111111111. 811111 111 1111 [111111 11111

S 111111. &bun nit 111 11111111 [1111

ι1111[111111. 11 [1111111 1111 1111111 11111).

ι51111111. ζ5111111111, 1111111111, 1111111111, 11111, psai, 11111, 11111.
8111111. es [11111 111111.

²⁰ ι[1111111111. es ἰ[1 111[111311111[111, 11111 1[111[111[111, 11111[11111 1111.
11111, 11111 111111 11 1111111 [1111111.

Ι11111111, 4. 11 7. ,11111 9. mm. [1111115. 11111173. 1111115.
1112...4.1117. 11111112.3.5.7.111111114. [1111111117. ι11111114. 11[1-
11115111111185. [11111112.3.[111ῑ4.[11)111115. 1111118. 11111147. 111112.
1111113. 1111145. 111112111114. [111111 11111111. [1111111114. [1111)11111157.
’[11117. 1111111111 5. [114. ’11111111111111 111111112...4.11’11111117.
1111.ΰ117.1111.15119. 41111111135. 1111112147. 11111558. 11111111
1111111. ,1. 1111111114. 1111111118. 1111115111 7. ὓ[1111113. 1135. 11112. 11[11
2...9. 11111112.4.1111113...8. 11112...7. 111111117...5. [11111215. [111 tm.
[11115. 11111112...4.111111151111111175. [11112...4. [11115. [117. 611111115.
111111 5.-1. 11115. 111151. 111111[11111112...4.111511111175. [111) 7...5.
[11111115. 1111111111111.1111[114.111[115.111[119. 11111111111111113.
11111115. 1111 2. [111 4. 711111112..1.5. [1111114.(111φ111111.) [111112.3.[11114..
[11115. 1111111111121. 1111111[1111111 3. 11111[1111115.5.8.9. 1111111111111 7. . 3fi
11111111 2. 11011111111115. 1111111114. 111 1111111[115. 11111, 23. 11117. niu·
1112...4.1111115. [1111151111Ι 135519. [5111151111 4.7. 8[11118. 11111..4.
11115. 1111115111 3. 111111,1.1.5.5.8.111111111111117. 0111111111711. 11120.
et 111111111124. ,Μ 7. mmm. 111112.5.5.8.1111115. 1111111119. ἐπ·
1111137. 11111111 4. 1111111 111. 1111111111. [11 211. 1115. 11111135. aua
1...1. [11111115.[11115...1. 1111115.111115.1111.8.1117. 1111111111115113.

η11111111 111115. [111112...4. [1111115. [1111117. ¹¹ [1111111. [mn 4.
111111 8· 1111111· 11111 ⁷· 7511111119· 1111. 1111. ²·³·⁵· 1111. 1111. ⁴·
1[1,1[1, 7. ¹⁹ [111111. [11115. [11115. ²¹ [11111112. [ὴ111135. [1111115.
&fumet 1. 1111111111 5. 11111111 5.7.

 

