206 VI. 1111111111 1. 11111 1111111111. numm. (152⁰.) mn 1131. mmm.

modo Romam 1111111111 11111 Aliquid: adeo nihil prodest in duas 1111111
1111. 1111111111 11111111, 111111111111111111111,111 1111111 sibi vendicant 1111. Ouid 11
111111111111 episcoporum quo incommodo 111111, omnibusquae ρ11111111111111111
is quem alia postulat 11111111, 1111111111 recidentibus? quo 111111 duo 111111
11111111Ιί1 1111111111111111 1111 noman 1111111111. Quod siquando gratiae quaes
1111111111· 1111111111, proposita* sint, quod 111111 111 (eximia 111 1111111111
111111111111111111 Germanos lwnignitas), 1111 1111111111 1111111111 principum
1111111111, 11111111 11111111111111111111111111111111 mullis nominihus a Romana
111111111111111111111111. 111111 11111111111111111111 1111 1111111111 invadunt, 11 1111111111
1111111111111.;’11111 111111111111111111 1111111111111111, regressum, 111 1111111111
1111111111 vius 11111111 solanum, 1111111111111111 11111111111111, 11111111111111111
1111111111 quod 1111111 arripuerunt, 11 execrationibus 111 anathemate pm·
11111111111111,11111111111111111111111111111111111111. Quid 1111111111, primi 111111·

11111111,111 111111 11111 1111 11111111 [111. Banu 11111111111111111111111111
, , 1,,,1ξξξ,ζῖ3ῑ;ξ,,1111111. 11111111111111111111ἓ111111111111111111111111111 jann 11

1111 111 1111111111, 1111111111 1111111111 Wolff, 1111 11 11 1111111 1111111111 1111,
’ 11111 111 1111 111111 11111, 1111 111 11111111 111 111111 1111111111111111111
,5111111111 §Usu 111 11111111 1111111 1111111111, 11 11111111 1111111, 111
111111111111111111 11111111 11111, 1111111 [tibin 11111111 111111 111 11111 1111
[1111111 1111111, 11111111)111111111111111111111111, 111 11111 1111 11111111
1111 1111111111 11111, 111111111 11111111, 1111 111 111 111111 111111. 111111 1111111

. 1,11.·1,ξ;ζξξῗ,ῖ,ξ,ξ· Ι 111 111 1111111 1111111111. So 1111 11111 111111111111111111 11111111

1111111, 111 Ι111111 1111111111 (1111111 papst 1111111 1111111 111 11111 11111111,111
11111 11111111111111) 111 1111 11111 1111 [111111 111111 111ί11111111111. ,13²⁵
111 111111 111 111 11111111111111111111111 111 111 1111111111 11111111 111111
11111111 Ι1111, 11111111 11111111 1111111 11111111. aad) 111111111111111111ἡ11
{ggggfflgssff‘ ’“ Ι 11111111 111 1111111111 11, 1111111111 11111111, 11111111111111
11111 1111111111 1111111111, 111111111ῐ11111111 111 1111111111, 111 111111 11
111111111 (111111111111111) gibt. 11111111 111111111111 1111, 111 1111111
1111111111,111 1111111111 1111111111 11111 1111111111111. &tm 1111111111·
1111, 11111111Β1111111111111111111111111111 1111, 111 11 1111) 1111111
nmm- 111111111111111111111 furit( 1111111111 111 11111111, 111 1111 111
1111111111111 111111111111111111 1111111111 11111111. Das 1111111 Ι111 111111 aad,
111111111111 111111111111 111 111 11111111. ”ab 111 111 11111111 1111111111
11111111, 11111111 Ι1111111111111111111111. 1111111111111111 [111 11 111
11111, ui 111 11 11 111 11111 111 [1111111111111 11111, 1111111111 [111111 11111111
1.111.Ῐ“,,,,“,*,ξ1 11111 111 111111111111111. 11111 1111 ,31111111 111 Ι11111111 111111 111

...—

¹⁴⁸ 11111 111111111111111] 11111111 ,1111111111 a. 1:113. Magdeburgonsis‚ 1. 11111, 111·
111111111111111111 arehiepiscopum

 

